time,x,y,z,phi,theta,psi,x_velocity,y_velocity,z_velocity,phi_velocity,theta_velocity,psi_velocity,rotor_speed1,rotor_speed2,rotor_speed3,rotor_speed4
0.06,1.02449532854e-07,8.64998193373e-07,10.0062718294,0.000583474603542,6.28293347171,0.0,1.62813930199e-05,6.91039921489e-05,0.209045253507,0.0242668032066,-0.0142952322241,0.0,470.93167510042224,469.8249073252928,469.13775251999044,471.01778853647727
0.12000000000000001,9.6672215833e-06,2.39256855601e-05,10.0232271828,0.00213192412126,6.28246448117,0.0,0.000372192295065,0.000863448906454,0.356097928051,0.0287229847815,0.00272660172264,0.0,451.36110975559376,452.7326232473418,451.06551493163613,451.4252947987935
0.18,4.52137650496e-05,0.000122315911896,10.0459524314,0.00380999790116,6.28238576483,0.0,0.000807232671455,0.00257594204388,0.401394724139,0.0264135199919,-0.0109478727303,0.0,419.79972291487246,418.6117044728319,419.55362925034404,419.3533554340484
0.23999999999999996,0.000112200294068,0.000359837144118,10.0726153327,0.00525137267002,6.28183206697,0.0,0.00148590161856,0.00549298172755,0.487334646446,0.0187533369736,-0.00599365745751,0.0,433.08429467031834,433.50084546117483,432.23505254354995,431.5891979252927
0.3,0.000233384844986,0.000817828508004,10.1077343672,0.00622726814357,6.28232449483,0.0,0.00253497555944,0.00989556063343,0.683202202828,0.0107552806269,0.0273464659078,0.0,465.228378921094,467.83115367833443,466.9963231466331,466.3720348380746
0.36000000000000004,0.000398201472861,0.00155636016341,10.1537977729,0.00729320385816,0.000447523254758,0.0,0.00278966728061,0.0148205695854,0.852132997717,0.0290089186384,0.00741427818589,0.0,459.7154604241656,458.13358500205436,457.86222082296,459.31188474477193
0.4200000000000001,0.000555611132851,0.00258618972714,10.2057338769,0.00898094101938,0.00110037075137,0.0,0.00240657986065,0.0196632723531,0.879048665322,0.0263085471808,0.0170414243033,0.0,413.2460543148228,414.09358255429476,414.09437504440695,413.8570668405954
0.48000000000000015,0.000668678042728,0.00399172642822,10.2650998198,0.0109808263935,0.00213624506257,0.0,0.00123919967046,0.0274039722822,1.09962772522,0.0445897975738,0.0177071486079,0.0,475.06194977120373,475.1128893117629,473.06331115555014,474.4690799466914
0.5400000000000001,0.000692162382445,0.00588644610236,10.3352541559,0.0134608040233,0.00307984941833,0.0,-0.000564529794068,0.036030572922,1.2387058215,0.0338622297527,0.0114386633851,0.0,450.960229815206,450.45356176237595,450.45026687500297,449.5828907779588
0.6000000000000002,0.000595083329784,0.0083194127958,10.4114916418,0.0157873841677,0.00416175669911,0.0,-0.00275906061184,0.0452792885886,1.30246945324,0.0471344005656,0.0287266758642,0.0,425.9660726852539,427.4417229139904,426.37190164019495,427.5049727942975
0.6600000000000003,0.000327556655038,0.0114070676824,10.4946965139,0.0189435041768,0.00606364658109,0.0,-0.00636149283798,0.0579766123492,1.47081783501,0.0617527920863,0.0370612336321,0.0,459.05834773286193,459.7194827130525,459.59051593884436,460.74924632545395
0.7200000000000003,-0.000179169038398,0.0152653512973,10.5846057784,0.0230772596849,0.00803255637191,0.0,-0.0107305359115,0.0710078704168,1.52607576299,0.0803069861272,0.0225765493404,0.0,425.26487813624186,424.02291740359135,423.9333895645821,425.52827778727413
0.7800000000000004,-0.00102884989077,0.0201196577555,10.6832864272,0.0278588950481,0.00980000312259,0.0,-0.0177835256706,0.0913809515851,1.76292752418,0.0784394968751,0.0405310097048,0.0,480.755339391167,482.11388613488333,479.9634227599472,479.82626670159226
0.8400000000000004,-0.00230875073195,0.026199311912,10.7921681667,0.0327298876644,0.0121721318484,0.0,-0.0251245104001,0.11176052273,1.86628213742,0.0861694530569,0.0374666989074,0.0,440.9044669730384,440.6520467439786,441.1309111351284,441.7740649536725
0.9000000000000005,-0.00406130581559,0.0335605443691,10.9059401133,0.0380672260332,0.0144848349041,0.0,-0.0335119216442,0.134115204712,1.92599502611,0.0940118202171,0.0406184435114,0.0,427.5154773798201,427.78471446030454,427.0743569960474,427.74960883788793
0.9600000000000005,-0.00630932145424,0.0422270977255,11.0196746129,0.0439913573094,0.0175390971771,0.0,-0.0416425840118,0.155226682736,1.8652327594,0.106811001754,0.0660714356513,0.0,385.830385435109,388.2278360768137,385.5598192025768,386.77699990338886
1.0200000000000005,-0.0092200787631,0.05255742531,11.1364201393,0.0506266052107,0.0220722316965,0.0,-0.0558548347624,0.189829041648,2.02596720717,0.117229648242,0.0898092249063,0.0,458.9022846806553,460.78667379238834,458.5162247786884,459.35346578417017
1.0800000000000005,-0.0130308868537,0.0649807010755,11.2602116615,0.057279982632,0.0271855705078,0.0,-0.0716872301113,0.224948177106,2.10022973382,0.0935513470926,0.0739629612697,0.0,433.2108149886425,431.8824850603773,434.59332516842494,432.6151487596534
1.1400000000000006,-0.0179367807718,0.079734836543,11.3901108367,0.0627399186746,0.0311807010405,0.0,-0.0922922094765,0.267429119089,2.22944452367,0.085335536006,0.0447076855711,0.0,452.3138860601963,449.95480872172664,450.8378932938285,450.1804213094945
1.2000000000000006,-0.0241159035002,0.0970688353086,11.5264275713,0.0680765988664,0.0336004408906,0.0,-0.113929916701,0.310879949652,2.31422817969,0.0953264586216,0.029696432436,0.0,438.558729146789,437.31100551596086,436.6414481768687,437.48080810463046
1.2600000000000007,-0.0317681859299,0.11738006314,11.6715834909,0.0732931953974,0.0361304337354,0.0,-0.141395257217,0.366786213156,2.52379584891,0.0594906149049,0.0596332301828,0.0,475.29079619209665,477.5803264325539,477.1751046970118,474.43696140297266
1.3200000000000007,-0.0411216047517,0.141131634192,11.8289156409,0.0764165656739,0.0395810495977,0.0,-0.170778594476,0.42529225883,2.72010316033,0.0298948630492,0.052886925845,0.0,473.8269286330832,473.31006824329563,474.06488684784085,471.78680037803025
1.3800000000000008,-0.0522499557207,0.168328706882,11.9963297989,0.0783113928122,0.0428492453818,0.0,-0.200501130641,0.481443901427,2.8599840958,0.0347542471235,0.0574604389822,0.0,457.5767841603957,457.94260371212107,456.68205890682185,457.0698185771262
1.4400000000000008,-0.0652254043508,0.19892029505,12.1719257841,0.0804775506034,0.0460673692884,0.0,-0.232357385745,0.538469241849,2.99282515003,0.0386709643232,0.044613124275,0.0,455.83134851387973,454.80532167454913,456.4722522736914,456.78524693416324
1.5000000000000009,-0.0803456952184,0.233268726703,12.3590475338,0.0826232580674,0.0484139625067,0.0,-0.271937459655,0.606693728135,3.24382630075,0.0291968176042,0.0248525618312,0.0,492.6176476845059,491.1548501308063,491.8642764721752,491.1625621688622
1.560000000000001,-0.0975041008565,0.271096499062,12.5532312178,0.0839898994981,0.049910889385,0.0,-0.300139190296,0.654364146438,3.2289710093,0.0051020813193,0.0251405035181,0.0,410.192185376016,410.2179118125855,412.2096849435224,410.07490715453616
1.620000000000001,-0.116626113808,0.312212349948,12.7513864732,0.0846904430517,0.0515018035451,0.0,-0.337409595589,0.716175846369,3.37574489473,0.0223452729617,0.0291315883063,0.0,462.50577407566027,462.8201304950498,461.7631466725975,463.1213237453374
1.680000000000001,-0.138145922304,0.357259938323,12.9607481173,0.0866245826102,0.0532619541061,0.0,-0.380093945634,0.785544167633,3.60222997999,0.0469632293612,0.0297411890996,0.0,487.1834517122775,487.2292049974014,485.9665398535563,487.80865188645294
1.740000000000001,-0.162099001801,0.406241341207,13.1804908361,0.0894891107251,0.0556770933335,0.0,-0.41854840909,0.847422122192,3.72207380733,0.0492556489774,0.0556684510015,0.0,455.46247046963697,457.5321979053858,457.15347798799627,457.3374251050889
1.8000000000000012,-0.188348203427,0.458886442227,13.4062075871,0.0929400065626,0.0586216011825,0.0,-0.456727228275,0.90769825867,3.80147501508,0.070327547281,0.030697888689,0.0,446.30983624639714,444.2683924219184,444.34354961506403,446.06994398799657
1.8600000000000012,-0.216971564495,0.515265966302,13.6371750605,0.0970005449524,0.0602214089379,0.0,-0.497542613997,0.971995519338,3.89702879875,0.0617635353339,0.0170418042461,0.0,450.7770313243273,449.6722148427252,452.2127394644227,451.52565486902307
1.9200000000000013,-0.247892580546,0.575289431373,13.8708730339,0.100634420308,0.0613722086285,0.0,-0.533254742379,1.02909162975,3.89284644619,0.058053081342,0.023145581545,0.0,419.39303115425207,419.92287248128736,419.92911470863396,419.60993668798625
1.9800000000000013,-0.281365783224,0.63943359882,14.1105545853,0.103892451335,0.0622721152487,0.0,-0.582621290781,1.10935360399,4.09572776557,0.0454815543038,-0.0110271976571,0.0,485.5713599757641,483.00077416148025,484.80197698523324,483.8580802828376
2.0400000000000014,-0.317690209453,0.708258577224,14.360422349,0.107177910755,0.0612468751613,0.0,-0.628077205717,1.18506978996,4.23261919959,0.0687803686063,-0.0333645863489,0.0,466.66414073196006,464.9171624851824,466.04318947414504,467.8626155510125
2.1000000000000014,-0.356838734189,0.781918737936,14.6205110492,0.111351376838,0.0591998162146,0.0,-0.676590498043,1.27065347366,4.43613198242,0.0710681578847,-0.0356676621383,0.0,486.3385363217825,486.16562275145776,488.1290002637875,488.3029092767252
2.1600000000000015,-0.399055697696,0.861201834207,14.8962698523,0.115201725331,0.057325320707,0.0,-0.73029921505,1.37250323857,4.75442566278,0.044512276297,-0.0236037002269,0.0,520.6877574266961,521.5309137596793,521.8598977397661,520.0050232244387
2.2200000000000015,-0.443733355402,0.945244515703,15.1786813957,0.117671142687,0.0559773987922,0.0,-0.75888228616,1.42913247583,4.65963601514,0.0334237298672,-0.020280951782,0.0,397.19289979759213,397.4974713309168,396.95906676792964,395.9411529897417
2.2800000000000016,-0.490620301132,1.03379759553,15.464518645,0.1200862302,0.0547852224965,0.0,-0.803827923112,1.52276939302,4.86731044643,0.0512544810375,-0.0190594082212,0.0,491.88227868042816,491.9728159922464,491.86988331334527,493.18938939938204
2.3400000000000016,-0.540117789619,1.1278962034,15.7617334633,0.123063900855,0.0534032331875,0.0,-0.84590993904,1.61407217341,5.03899446333,0.0461594009701,-0.032480774762,0.0,484.477845707287,483.46752956620674,483.6563477711837,483.2737284109621
2.4000000000000017,-0.591842309441,1.22692100766,16.0642950951,0.125494312183,0.0516704818921,0.0,-0.878082517592,1.68695431104,5.04628712448,0.0257258733343,-0.0225062235047,0.0,435.12707693163145,435.9611590548153,435.0911943299922,433.37764915811937
2.4600000000000017,-0.645411177785,1.33021034284,16.3661604423,0.126698943207,0.049833401005,0.0,-0.907435636623,1.75612447699,5.01597399427,0.00530615240857,-0.0564231577561,0.0,423.90269150698373,420.9769165238847,423.85131292416435,422.092444631369
2.520000000000002,-0.700917285114,1.4382029405,16.6704605077,0.127294312409,0.0467072452783,0.0,-0.942414231615,1.84357729598,5.12682145813,0.0178458888668,-0.0446244617021,0.0,467.09360072810233,468.0113079408121,466.6554448435513,467.63328478589904
2.580000000000002,-0.758401938997,1.55128992718,16.9801505479,0.128346999478,0.043874981034,0.0,-0.973465800106,1.92601412555,5.19581104123,0.0169357088876,-0.0529385056902,0.0,455.83326773154374,455.16698328960285,455.83960512153266,455.7667723827646
2.640000000000002,-0.817630288807,1.66914908713,17.292521349,0.129668855101,0.0405822321084,0.0,-1.00052544968,2.00268073741,5.2164080974,0.0306525385988,-0.0590723478302,0.0,441.96101912431425,441.4530355139342,440.049397118528,441.18361743438925
2.700000000000002,-0.878391763438,1.79152664766,17.6053498396,0.131163118262,0.0371161121424,0.0,-1.02456458947,2.07668277398,5.21118284757,0.00977878572405,-0.0552820879411,0.0,433.50174714997553,433.8177786997078,433.4607111062135,431.7027737518739
2.760000000000002,-0.940667391505,1.91882220536,17.9213704573,0.131741186477,0.0341356244608,0.0,-1.05095471621,2.16644830975,5.3222680249,0.00934426245005,-0.0403273917093,0.0,469.6587569821765,470.81593500494165,468.99559838671087,468.9617134494561
2.820000000000002,-1.00440762965,2.05126571408,18.2422323882,0.132198591684,0.0323028487321,0.0,-1.07352296435,2.248303596,5.37284042054,0.00393807529524,-0.0159423655919,0.0,450.2137381488096,452.18235635825994,453.4396318233005,453.0049326835739
2.880000000000002,-1.06946487457,2.18858538364,18.5658721621,0.132051517193,0.0314540709939,0.0,-1.0949677148,2.32894810813,5.41490194057,-0.0200098917392,-0.0107766367944,0.0,450.2211061682322,450.6390513493213,450.8398172253256,448.9004023466581
2.940000000000002,-1.13575075871,2.33053885803,18.8906253526,0.130751401127,0.0303905112365,0.0,-1.11450088461,2.40267263852,5.41021270058,-0.0252111103673,-0.0376343943834,0.0,436.61168298566133,434.3646743573165,436.1632210760171,435.7285121484266
3.000000000000002,-1.20316923726,2.47680640088,19.2145290813,0.12949517683,0.0277734422281,0.0,-1.13259457981,2.47275537851,5.38669621383,-0.0135273393553,-0.059601377436,0.0,429.0947310872142,427.2241713164898,430.38695022150495,431.374868540394
3.0600000000000023,-1.27172637707,2.62772216056,19.540654418,0.12965747708,0.0238561333246,0.0,-1.15226503651,2.55763144633,5.48365308258,0.0236517199941,-0.0801874551256,0.0,467.77174898761655,466.16253033313785,466.15468017488035,469.0514639412421
3.1200000000000023,-1.34127551282,2.78313640701,19.8680466893,0.131130078772,0.0188072203893,0.0,-1.16567039517,2.62294367607,5.4296605307,0.0262693235384,-0.0935536051124,0.0,420.51088132950485,419.34483776529044,420.4722795793572,420.6991601223572
3.1800000000000024,-1.41161253492,2.94295274678,20.1957411671,0.133099725881,0.01342450861,0.0,-1.17837530593,2.70434829868,5.49312553134,0.0434746754833,-0.0829672831337,0.0,456.9122499849845,457.7490766695795,457.2036577152365,458.573018621262
3.2400000000000024,-1.48255931208,3.1071319675,20.5231127512,0.136316868476,0.00846248072009,0.0,-1.18615574772,2.76851898341,5.41956546519,0.0686287923274,-0.0821724360176,0.0,413.2318396588859,413.29578982258784,413.48666817404074,415.6992338066396
3.3000000000000025,-1.5539425289,3.27599072536,20.8517507492,0.140653546813,0.00351187953438,0.0,-1.19277723515,2.86041780317,5.5343366061,0.0787234849895,-0.0831934411228,0.0,474.1931509385009,474.1096349538827,472.2946258495012,473.0763540228603
3.3600000000000025,-1.62562517226,3.4506635988,21.1887707832,0.145113943671,6.28218785644,0.0,-1.1961266048,2.96235139048,5.69866881752,0.0636967565677,-0.0626161294832,0.0,488.89935668051146,490.426347445465,489.7042895008296,488.5887645656554
3.4200000000000026,-1.69742270879,3.63071905482,21.5300429181,0.148687725956,6.27841434599,0.0,-1.19681690025,3.03976650312,5.67706934751,0.0496570420302,-0.0634487813309,0.0,435.1793210556783,435.10664709959616,434.1448768774915,432.9675686238578
3.4800000000000026,-1.76919028605,3.81571983862,21.8716889279,0.152026540439,6.27509482863,0.0,-1.19511890353,3.1271270299,5.71083891898,0.0655243688578,-0.0426788672283,0.0,451.8233021486285,453.49291087282893,450.8309553658047,452.1134542311729
3.5400000000000027,-1.84076300263,4.00667281345,22.2196103179,0.156394359178,6.2731929609,0.0,-1.19040499318,3.23823170298,5.88542872862,0.0843744032356,-0.0157722569848,0.0,494.22238869432226,496.20154968705094,493.9383372386218,495.33019411339774
3.6000000000000028,-1.91205298016,4.20383361786,22.5745072323,0.161640635638,6.27337958182,0.0,-1.18590864683,3.33416843689,5.94393922427,0.0929484991939,0.026197605854,0.0,461.9141226872441,465.21281000739003,461.5395201249554,462.2218592658208
3.660000000000003,-1.98309658493,4.40663876919,22.93164738,0.166994071833,6.27572120052,0.0,-1.1823902818,3.42640289356,5.96040782984,0.0804863967493,0.0568508605611,0.0,450.03519928654003,452.51074396079497,450.74349949702435,449.74149102792114
3.720000000000003,-2.05397397622,4.61509743491,23.2899703917,0.171788600284,6.27912667703,0.0,-1.18049221566,3.52254721563,5.98333050543,0.0787286029668,0.0565715302366,0.0,453.5430307952753,453.52272136458464,453.4748751962328,453.33861020636215
3.780000000000003,-2.12480103312,4.82928484509,23.6489890379,0.177043473933,6.28284560811,0.0,-1.18071489877,3.61738063655,5.9837093464,0.101104199027,0.0710518071303,0.0,446.97282685834864,448.15432277146095,445.7257836486146,447.5572283800447
3.840000000000003,-2.19571045259,5.05011700323,24.0128425432,0.183566748739,0.00399572242704,0.0,-1.18340226701,3.7441320498,6.14348740864,0.120733275518,0.0745634305978,0.0,496.26667118991315,496.5278423881024,494.70275916615725,496.1551934171512
3.900000000000003,-2.26686151192,5.27802777713,24.3826888251,0.191444083219,0.00906407542873,0.0,-1.18874009885,3.85346120495,6.18410728927,0.146743903081,0.0992157723056,0.0,461.8329209338036,463.77905404832836,462.0433179990653,464.104519008646
3.960000000000003,-2.33846642179,5.5132927483,24.7582726679,0.200468456649,0.0152782171969,0.0,-1.19873901294,3.98939831646,6.33396863298,0.156868318647,0.111093415975,0.0,496.888067840049,497.7662570508336,495.9828170617796,496.74459404007
4.020000000000002,-2.41069314443,5.75547200518,25.1358094235,0.209735470935,0.0221127286135,0.0,-1.20932016533,4.08393313882,6.25063963971,0.149120465327,0.119011415274,0.0,427.115060141095,427.8020892259387,427.4951253969101,426.85778877607885
4.080000000000001,-2.48374348384,6.00421653062,25.5118820106,0.218723951041,0.0292374963361,0.0,-1.22633296344,4.20820169661,6.284393079,0.151147171893,0.11821072648,0.0,465.03978002095954,464.9890343833562,464.8567978727401,465.03562862183674
4.14,-2.55786846972,6.26000928171,25.8874259668,0.22734500904,0.03635403968,0.0,-1.24506326732,4.31885998684,6.23354419769,0.121414946414,0.119393300415,0.0,439.64269640415216,439.7535032418554,440.63696263433076,438.19038811363254
4.199999999999998,-2.63342452182,6.5237179195,26.2648601231,0.234089718708,0.0436050368752,0.0,-1.27418482795,4.47183880331,6.34636615932,0.080433185244,0.123612189591,0.0,490.3154803650002,490.64055005616126,492.5704100040629,489.53875411908456
4.259999999999997,-2.71065632131,6.79554537056,26.6441339165,0.238899172285,0.0511042056317,0.0,-1.30080634276,4.58934948143,6.29600147043,0.0796008795335,0.127598899996,0.0,442.49516997359785,442.83758519446326,442.53491673291916,442.47157721342455
4.319999999999996,-2.78953961961,7.07416779475,27.0190985108,0.24349660771,0.0591946192472,0.0,-1.32923508945,4.69835442209,6.20299276926,0.0698875870334,0.146372142464,0.0,428.2812182379086,429.89267346024513,428.5337802018377,427.7119276008938
4.379999999999995,-2.87013053885,7.35888653284,27.3865160616,0.247838969871,0.0685697468003,0.0,-1.35775569115,4.79257745556,6.04484598464,0.0769273464437,0.170954985924,0.0,403.8434509366919,406.080612146119,405.7777142525947,406.4139584585181
4.439999999999993,-2.95283995917,7.65027593605,27.7483131966,0.253076531654,0.0789028503596,0.0,-1.40007369072,4.92063345693,6.01475010735,0.102543694124,0.174629179739,0.0,448.34856671076517,448.67522943409324,446.2972545635715,448.3897529639092
4.499999999999992,-3.0383998488,7.949833074,28.1098892452,0.25868731933,0.0897614553814,0.0,-1.45285913815,5.06486956944,6.03705580119,0.0612863353298,0.191330600014,0.0,465.5165917168523,466.8516901773871,466.2260378863134,462.9968210947058
4.559999999999991,-3.12723888605,8.25784766936,28.4717882835,0.262282114686,0.101386607308,0.0,-1.50941729258,5.20234329704,6.02580422126,0.0570164051321,0.198196134209,0.0,455.31418773829574,455.89881508529743,456.98328087206113,456.6451196189046
4.6199999999999894,-3.22001890061,8.57499152962,28.8361564679,0.266319478715,0.112911888741,0.0,-1.58435222072,5.36904848928,6.1186198194,0.082440623142,0.175665622598,0.0,490.6459785214251,489.001770470362,488.0070405446838,489.904382579293
4.679999999999988,-3.3173012573,8.90166302626,29.2041320218,0.27150915671,0.123600466745,0.0,-1.65930910088,5.52011950052,6.14640788713,0.0935662035187,0.182680606718,0.0,470.91836496698835,471.4894111291825,472.3597892807552,473.2228463386505
4.739999999999987,-3.41894642635,9.23674026036,29.5711527446,0.277039283431,0.134327153064,0.0,-1.72972270735,5.64935991466,6.08734228039,0.0892185138798,0.169549255441,0.0,446.53368358182746,445.4914569462684,446.0246249044827,445.6764175641108
4.799999999999986,-3.52571045767,9.58106906202,29.939658824,0.282447107362,0.14432522033,0.0,-1.82997495428,5.82828028979,6.19472353639,0.0918932996093,0.160063805517,0.0,498.7492453563754,498.0789904964011,498.68193551170657,498.8831498955783
4.859999999999984,-3.63802763185,9.93492370331,30.3101496844,0.288017832134,0.153863649208,0.0,-1.91469282494,5.9670599964,6.1545210169,0.0946834070671,0.156702647927,0.0,456.5662588169004,456.32118073829787,455.0467201080971,455.27713071973454
4.919999999999983,-3.75568539958,10.2973328889,30.6787757849,0.29365167749,0.162793101201,0.0,-2.00796897678,6.11340154836,6.13240086732,0.0922784404033,0.124395052625,0.0,463.8705685466231,461.3449098994716,462.80203495399496,462.6197276072113
4.979999999999982,-3.87849791922,10.667538206,31.0426099531,0.299153202096,0.170045520267,0.0,-2.08636196968,6.22706224006,5.99564038367,0.0904936669306,0.112698410755,0.0,425.9239975607528,424.935955964496,425.60481362229865,425.45945377854304
5.0399999999999805,-4.00620653331,11.0447537762,31.3987165814,0.304984363607,0.176712806339,0.0,-2.17112569138,6.3470536156,5.87467924198,0.108006089291,0.107767843912,0.0,430.9457129451302,430.5399556662058,429.4739365402022,430.9654984794437
